369
1 4 24
0 2 5
1 6 25
4 8 28
0 3 5 9
1 4 6 10 29
2 5 7 11 30
6 12
3 9 13 32
4 8 10 14 33
5 9 11 15 34
6 10 12 16 35
7 11 36
8 14 39
9 13 15 40
10 14 16 41
11 15 42
22 64
19 24
18 20
19 21 25
20 26
17 23
22 24 28 68
0 18 23 69
2 20 26 30
21 25 27 70
26 31 71
3 23 32 73
5 30 34
6 25 29 35
27 37 76
8 28 33 39 78
9 32 34 40
10 29 33 35 41 79
11 30 34 36 42
12 35 37 43
31 36 44
39 45 81
13 32 38 40 46 82
14 33 39 41 47 83
15 34 40 42 48 84
16 35 41 43 49
36 42 44 50
37 43 85
38 46 86
39 45 47 87
40 46 48 51 88
41 47 49 52 89
42 48 50 53
43 49 54
47 52 55 92
48 51 53 56 93
49 52 54
50 53 94
51 56 96
52 55 97
58 64 105
57 59 65 106
58 60 107
59 61
60 62 108
61 109
64 67 110
17 57 63 65
58 64 68 111
71 115
63 116
23 65 69 73 118
24 68 74 119
26 71 75
27 66 70 76 121
73 123
28 68 72 74 78 124
69 73 125
70 76
31 71 75 77
76 80 128
32 73 82 129
34 84 131
77 133
38 82 86
39 78 81 83 87 134
40 82 84 88 135
41 79 83 89
44 90
45 81 87
46 82 86 88 91 138
47 83 87 89 92 139
48 84 88 93
85 95
87 92 141
51 88 91 93 96
52 89 92 97 142
54 95 99
90 94 143
55 92 97 100
56 93 96 98 101
97 99 102
94 98
96 101 145
97 100 102
98 101 146
104 107
103
57 106
58 105 107 111
59 103 106 112 147
61 109 114 149
62 108 150
63 116
65 106 112 118 152
107 111 113 119 153
112 114 120 154
108 113 155
66 121 157
67 110 117 158
116 118 123 159
68 111 117 119 124 160
69 112 118 120 125 161
113 119 126 162
71 115 122 165
121 128
72 117 124 167
73 118 123 125 129 168
74 119 124 126 130 169
120 125 127 131
126 132 170
77 122 133 173
78 124 130 134 175
125 129 131 135 176
79 126 130 132 177
127 131 136 178
80 128 137 181
82 129 135 138
83 130 134 139 182
132
133 140 186
87 134 139 141
88 135 138 187
137
91 138 144 190
93
95 194
141 195
100 201
102 203
107 148 153 208
147 149 154 209
108 148 150 155 210
109 149 156 211
152 159 213
111 151 153 160 214
112 147 152 154 161 215
113 148 153 155 162 216
114 149 154 156 163 217
150 155 157 164 218
115 156 165 219
116 159 166 220
117 151 158 160 167 221
118 152 159 161 168 222
119 153 160 162 169 223
120 154 161 163 224
155 162 164 170
156 163 165 171 225
121 157 164 172 226
158 167
123 159 166 168 174 228
124 160 167 169 175 229
125 161 168 176 230
127 163 171 178
164 170 172 179 231
165 171 173 180 232
128 172 181 233
167 175 234
129 168 174 176 235
130 169 175 177 182 236
131 176 178 183 237
132 170 177 179
171 178 180 184 238
172 179 181 185
133 173 180 186
135 176 183 187
177 182 240
179 185 188
180 184 186 189
137 181 185 242
139 182 191 244
184 189 193
185 188 194
141 191 195 248
187 190 196
193 198
188 192 194 199
143 189 193 250
144 190 196 200 251
191 195 197 201
196 198 202 252
192 197 199 203
193 198
195 201 253
145 196 200 202
197 201 203
146 198 202 254
205 208
204 209
207 213 256
206 208 214 257
147 204 207 209 215 258
148 205 208 210 216 259
149 209 211 217 260
150 210 218 261
213 220 262
151 206 212 214 221 263
152 207 213 215 222 264
153 208 214 216 223 265
154 209 215 217 224
155 210 216 218 266
156 211 217 219 225 267
157 218 226 268
158 212 221 269
159 213 220 222 228
160 214 221 223 229 270
161 215 222 224 230 271
162 216 223 272
164 218 226 231 273
165 219 225 227 232 274
226 233 275
167 221 229 234 276
168 222 228 230 235 277
169 223 229 236 278
171 225 232 238
172 226 231 233 280
173 227 232 281
174 228 235
175 229 234 236 239 282
176 230 235 237
177 236 240 283
179 231
235 243 287
183 237 241 245 289
240 246
186 247
239 244 248 292
187 243 245 293
240 244 246 249 294
241 245
242
190 243 251 296
245 252 298
194 300
195 248 253
197 249
200 251
203 255 305
254
206 257 263
207 256 258 264
208 257 259 265 306
209 258 260 307
210 259 261 266
211 260 267
212 263 269
213 256 262 264 308
214 257 263 265 270 309
215 258 264 271 310
217 260 267 312
218 261 266 268 273 313
219 267 274
220 262 314
222 264 271 277 316
223 265 270 272 278 317
224 271 279
225 267 274 319
226 268 273 275 280 320
227 274 281
228 277
229 270 276 278 282 321
230 271 277 279
272 278 283
232 274 281 284 323
233 275 280 285
235 277 287 324
237 279 289 326
280 285 290 329
281 284
287 291 330
239 282 286 288 292
287 289 293 331
240 283 288 294 332
284 295 333
286 292 334
243 287 291 293 296 335
244 288 292 294 297 336
245 289 293 298 337
290 300 340
248 292 297
293 296 298 341
249 294 297 342
300 302 344
250 295 299
302 305 347
299 301
304
303 305
254 301 304
258 307 310
259 306 311
263 309 315
264 308 310 316
265 306 309 311 317
307 310 312
266 311 313 318
267 312 319
269 315
308 314 316
270 309 315 317 321
271 310 316 348
312 319 322 350
273 313 318 320 351
274 319 323
277 316 324 352
318 327 355
280 320 329
282 321 325 357
324 326 331 358
283 325 327 332 359
322 326 328 360
327 329 361
284 323 328 333
286 334
288 325 332 336 363
289 326 331 337 364
290 329 340
291 330 335
292 334 336
293 331 335 337 341
294 332 336 338 342 367
337 339 343 368
338 340 344
295 333 339
297 336 342 345
298 337 341 343 346
338 342 344 347
299 339 343
341 346
342 345 347
301 343 346
317 349 353
348 350 354
318 349 351 355
319 350 356
321 353 357
348 352 354 358
349 353 355 359
322 350 354 356 360
351 355 361
324 352 358 362
325 353 357 359 363
326 354 358 360 364
327 355 359 361 365
328 356 360 366
357 363
331 358 362 364
332 359 363 365 367
360 364 366 368
361 365
337 364 368
338 365 367
